<?xml version="1.0"?>
<opencv_storage>
<intrinsic type_id="opencv-matrix">
  <rows>3</rows>
  <cols>3</cols>
  <dt>d</dt>
  <data>
    6.2051181646252815e+02 0. 3.2150781262479057e+02 0.
    6.1894385943138900e+02 2.3556795488801419e+02 0. 0. 1.</data></intrinsic>
<distCoeffs type_id="opencv-matrix">
  <rows>1</rows>
  <cols>5</cols>
  <dt>d</dt>
  <data>
    2.8870976890296437e-02 -1.2525595481552601e-01
    4.3437999979855822e-04 7.2472228687144730e-04 6.7625513988045172e-02</data></distCoeffs>
</opencv_storage>
